1.000000000000000021e-02 1.951100000000000056e-01 0.000000000000000000e+00
2.000000000000000042e-02 3.795740000000000225e-01 5.399999999999999798e-05
2.999999999999999889e-02 5.475940000000000252e-01 8.679999999999999565e-04
4.000000000000000083e-02 6.929060000000000219e-01 6.380000000000000254e-03
5.000000000000000278e-02 8.085440000000000405e-01 2.655400000000000121e-02
5.999999999999999778e-02 8.919540000000000246e-01 7.954200000000000159e-02
7.000000000000000666e-02 9.450220000000000287e-01 1.756520000000000026e-01
8.000000000000000167e-02 9.753020000000000023e-01 3.141660000000000008e-01
8.999999999999999667e-02 9.897420000000000107e-01 4.731679999999999775e-01
1.000000000000000056e-01 9.962480000000000224e-01 6.286760000000000126e-01
1.100000000000000006e-01 9.986859999999999626e-01 7.572079999999999922e-01
1.199999999999999956e-01 9.996319999999999650e-01 8.522760000000000336e-01
1.300000000000000044e-01 9.998799999999999910e-01 9.142219999999999791e-01
1.400000000000000133e-01 9.999759999999999760e-01 9.528659999999999908e-01
1.499999999999999944e-01 9.999959999999999960e-01 9.734680000000000000e-01
