1.000000000000000021e-02 1.962879999999999903e-01 0.000000000000000000e+00
2.000000000000000042e-02 3.822999999999999732e-01 4.399999999999999886e-05
2.999999999999999889e-02 5.518319999999999892e-01 9.139999999999999904e-04
4.000000000000000083e-02 6.976160000000000139e-01 6.429999999999999952e-03
5.000000000000000278e-02 8.137379999999999614e-01 2.656599999999999934e-02
5.999999999999999778e-02 8.961820000000000341e-01 7.799200000000000577e-02
7.000000000000000666e-02 9.472420000000000284e-01 1.735059999999999936e-01
8.000000000000000167e-02 9.758559999999999457e-01 3.119979999999999976e-01
8.999999999999999667e-02 9.904659999999999576e-01 4.712979999999999947e-01
1.000000000000000056e-01 9.962560000000000304e-01 6.248080000000000300e-01
1.100000000000000006e-01 9.988219999999999876e-01 7.550759999999999694e-01
1.199999999999999956e-01 9.996359999999999690e-01 8.503840000000000288e-01
1.300000000000000044e-01 9.999059999999999615e-01 9.135060000000000402e-01
1.400000000000000133e-01 9.999780000000000335e-01 9.517560000000000464e-01
1.499999999999999944e-01 1.000000000000000000e+00 9.734859999999999625e-01
