1.000000000000000021e-02 2.457199999999999940e-01 0.000000000000000000e+00
2.000000000000000042e-02 4.494400000000000062e-01 0.000000000000000000e+00
2.999999999999999889e-02 6.141999999999999682e-01 6.000000000000000152e-05
4.000000000000000083e-02 7.417599999999999749e-01 8.400000000000000348e-04
5.000000000000000278e-02 8.381199999999999761e-01 3.880000000000000202e-03
5.999999999999999778e-02 9.038599999999999968e-01 1.261999999999999927e-02
7.000000000000000666e-02 9.449600000000000222e-01 3.504000000000000170e-02
8.000000000000000167e-02 9.711600000000000232e-01 7.438000000000000167e-02
8.999999999999999667e-02 9.864399999999999835e-01 1.417799999999999894e-01
1.000000000000000056e-01 9.933600000000000207e-01 2.396999999999999964e-01
1.100000000000000006e-01 9.970799999999999663e-01 3.618399999999999950e-01
1.199999999999999956e-01 9.988599999999999701e-01 4.943000000000000171e-01
1.300000000000000044e-01 9.998399999999999510e-01 6.243600000000000261e-01
1.400000000000000133e-01 9.998599999999999710e-01 7.370400000000000285e-01
1.499999999999999944e-01 9.999799999999999800e-01 8.265799999999999814e-01
