1.000000000000000021e-02 1.908999999999999864e-01 0.000000000000000000e+00
2.000000000000000042e-02 3.617000000000000215e-01 1.000000000000000048e-04
2.999999999999999889e-02 5.232200000000000184e-01 1.399999999999999986e-03
4.000000000000000083e-02 6.686199999999999921e-01 9.199999999999999845e-03
5.000000000000000278e-02 7.873599999999999488e-01 3.776000000000000190e-02
5.999999999999999778e-02 8.751999999999999780e-01 1.072599999999999942e-01
7.000000000000000666e-02 9.364599999999999591e-01 2.216799999999999882e-01
8.000000000000000167e-02 9.710800000000000542e-01 3.792200000000000015e-01
8.999999999999999667e-02 9.882999999999999563e-01 5.512000000000000233e-01
1.000000000000000056e-01 9.959999999999999964e-01 7.009600000000000275e-01
1.100000000000000006e-01 9.987200000000000522e-01 8.150600000000000067e-01
1.199999999999999956e-01 9.995000000000000551e-01 8.941599999999999548e-01
1.300000000000000044e-01 9.999400000000000510e-01 9.421599999999999975e-01
1.400000000000000133e-01 9.999799999999999800e-01 9.706799999999999873e-01
1.499999999999999944e-01 1.000000000000000000e+00 9.829799999999999649e-01
