1.000000000000000021e-02 2.452799999999999980e-01 0.000000000000000000e+00
2.000000000000000042e-02 4.584599999999999786e-01 0.000000000000000000e+00
2.999999999999999889e-02 6.301799999999999624e-01 2.400000000000000061e-04
4.000000000000000083e-02 7.654600000000000293e-01 3.860000000000000150e-03
5.000000000000000278e-02 8.669599999999999529e-01 2.638000000000000067e-02
5.999999999999999778e-02 9.319800000000000306e-01 1.084799999999999931e-01
7.000000000000000666e-02 9.726200000000000401e-01 2.738800000000000123e-01
8.000000000000000167e-02 9.908200000000000340e-01 5.064800000000000413e-01
8.999999999999999667e-02 9.975399999999999823e-01 7.262199999999999767e-01
1.000000000000000056e-01 9.996000000000000441e-01 8.767599999999999838e-01
1.100000000000000006e-01 9.999200000000000310e-01 9.545400000000000551e-01
1.199999999999999956e-01 9.999799999999999800e-01 9.853199999999999736e-01
1.300000000000000044e-01 9.999799999999999800e-01 9.960400000000000365e-01
1.400000000000000133e-01 9.999799999999999800e-01 9.990999999999999881e-01
1.499999999999999944e-01 1.000000000000000000e+00 9.998799999999999910e-01
