1.000000000000000021e-02 3.069600000000000106e-01 0.000000000000000000e+00
2.000000000000000042e-02 5.354799999999999560e-01 0.000000000000000000e+00
2.999999999999999889e-02 7.047400000000000331e-01 0.000000000000000000e+00
4.000000000000000083e-02 8.215200000000000280e-01 2.000000000000000096e-04
5.000000000000000278e-02 8.950200000000000378e-01 1.580000000000000024e-03
5.999999999999999778e-02 9.438600000000000323e-01 7.280000000000000013e-03
7.000000000000000666e-02 9.723600000000000021e-01 2.766000000000000056e-02
8.000000000000000167e-02 9.874800000000000244e-01 8.458000000000000240e-02
8.999999999999999667e-02 9.949599999999999556e-01 1.895600000000000063e-01
1.000000000000000056e-01 9.980200000000000182e-01 3.500400000000000178e-01
1.100000000000000006e-01 9.993400000000000061e-01 5.375199999999999978e-01
1.199999999999999956e-01 9.997800000000000020e-01 7.092199999999999616e-01
1.300000000000000044e-01 9.999799999999999800e-01 8.445200000000000484e-01
1.400000000000000133e-01 1.000000000000000000e+00 9.296400000000000219e-01
1.499999999999999944e-01 1.000000000000000000e+00 9.713000000000000522e-01
