1.000000000000000021e-02 2.434199999999999975e-01 0.000000000000000000e+00
2.000000000000000042e-02 4.582200000000000162e-01 0.000000000000000000e+00
2.999999999999999889e-02 6.347000000000000419e-01 3.200000000000000262e-04
4.000000000000000083e-02 7.699399999999999578e-01 4.320000000000000055e-03
5.000000000000000278e-02 8.627599999999999714e-01 2.633999999999999883e-02
5.999999999999999778e-02 9.327800000000000535e-01 1.056200000000000055e-01
7.000000000000000666e-02 9.716399999999999482e-01 2.746000000000000107e-01
8.000000000000000167e-02 9.903999999999999471e-01 5.074199999999999822e-01
8.999999999999999667e-02 9.971799999999999553e-01 7.293399999999999883e-01
1.000000000000000056e-01 9.993800000000000461e-01 8.756399999999999739e-01
1.100000000000000006e-01 9.998599999999999710e-01 9.556599999999999540e-01
1.199999999999999956e-01 1.000000000000000000e+00 9.854399999999999826e-01
1.300000000000000044e-01 1.000000000000000000e+00 9.965600000000000014e-01
1.400000000000000133e-01 1.000000000000000000e+00 9.989999999999999991e-01
1.499999999999999944e-01 1.000000000000000000e+00 9.996399999999999730e-01
