1.000000000000000021e-02 2.237800000000000067e-01 0.000000000000000000e+00
2.000000000000000042e-02 4.120800000000000018e-01 0.000000000000000000e+00
2.999999999999999889e-02 5.685200000000000253e-01 5.000000000000000104e-04
4.000000000000000083e-02 6.943799999999999972e-01 3.099999999999999891e-03
5.000000000000000278e-02 7.914799999999999613e-01 1.200000000000000025e-02
5.999999999999999778e-02 8.638000000000000123e-01 3.688000000000000306e-02
7.000000000000000666e-02 9.164400000000000324e-01 8.894000000000000516e-02
8.000000000000000167e-02 9.536000000000000032e-01 1.790200000000000125e-01
8.999999999999999667e-02 9.756399999999999517e-01 3.087400000000000144e-01
1.000000000000000056e-01 9.885599999999999943e-01 4.542999999999999816e-01
1.100000000000000006e-01 9.948000000000000176e-01 6.076000000000000290e-01
1.199999999999999956e-01 9.977399999999999602e-01 7.390799999999999592e-01
1.300000000000000044e-01 9.990599999999999481e-01 8.377400000000000402e-01
1.400000000000000133e-01 9.997599999999999820e-01 9.121000000000000218e-01
1.499999999999999944e-01 9.998000000000000220e-01 9.532399999999999762e-01
