1.000000000000000021e-02 1.743000000000000105e-01 0.000000000000000000e+00
2.000000000000000042e-02 3.411600000000000188e-01 2.200000000000000078e-04
2.999999999999999889e-02 5.006800000000000139e-01 3.380000000000000192e-03
4.000000000000000083e-02 6.371599999999999486e-01 1.975999999999999979e-02
5.000000000000000278e-02 7.574600000000000222e-01 6.972000000000000419e-02
5.999999999999999778e-02 8.547000000000000153e-01 1.805400000000000060e-01
7.000000000000000666e-02 9.223400000000000487e-01 3.458800000000000208e-01
8.000000000000000167e-02 9.623399999999999732e-01 5.356400000000000050e-01
8.999999999999999667e-02 9.851999999999999647e-01 7.078600000000000447e-01
1.000000000000000056e-01 9.942600000000000326e-01 8.360800000000000454e-01
1.100000000000000006e-01 9.979200000000000292e-01 9.193400000000000460e-01
1.199999999999999956e-01 9.995199999999999640e-01 9.628400000000000292e-01
1.300000000000000044e-01 9.999599999999999600e-01 9.848799999999999777e-01
1.400000000000000133e-01 9.999799999999999800e-01 9.947000000000000286e-01
1.499999999999999944e-01 1.000000000000000000e+00 9.978000000000000203e-01
