1.000000000000000021e-02 1.750200000000000089e-01 0.000000000000000000e+00
2.000000000000000042e-02 3.413999999999999813e-01 3.800000000000000209e-04
2.999999999999999889e-02 5.000200000000000200e-01 3.079999999999999839e-03
4.000000000000000083e-02 6.398000000000000353e-01 2.037999999999999881e-02
5.000000000000000278e-02 7.594800000000000439e-01 7.234000000000000152e-02
5.999999999999999778e-02 8.550200000000000022e-01 1.812999999999999889e-01
7.000000000000000666e-02 9.225600000000000467e-01 3.480800000000000005e-01
8.000000000000000167e-02 9.644000000000000350e-01 5.337600000000000122e-01
8.999999999999999667e-02 9.844600000000000017e-01 7.097200000000000175e-01
1.000000000000000056e-01 9.945000000000000506e-01 8.389799999999999480e-01
1.100000000000000006e-01 9.980999999999999872e-01 9.181399999999999562e-01
1.199999999999999956e-01 9.996599999999999930e-01 9.620999999999999552e-01
1.300000000000000044e-01 9.998200000000000420e-01 9.858000000000000096e-01
1.400000000000000133e-01 9.999599999999999600e-01 9.939999999999999947e-01
1.499999999999999944e-01 1.000000000000000000e+00 9.984199999999999742e-01
