1.000000000000000021e-02 1.897919999999999885e-01 0.000000000000000000e+00
2.000000000000000042e-02 3.627199999999999869e-01 9.000000000000000567e-05
2.999999999999999889e-02 5.212280000000000246e-01 1.451999999999999949e-03
4.000000000000000083e-02 6.642759999999999776e-01 9.579999999999999974e-03
5.000000000000000278e-02 7.852719999999999700e-01 3.843400000000000288e-02
5.999999999999999778e-02 8.758120000000000349e-01 1.072120000000000017e-01
7.000000000000000666e-02 9.363040000000000251e-01 2.257659999999999945e-01
8.000000000000000167e-02 9.711560000000000192e-01 3.817820000000000102e-01
8.999999999999999667e-02 9.883960000000000523e-01 5.501179999999999959e-01
1.000000000000000056e-01 9.957099999999999840e-01 6.995919999999999916e-01
1.100000000000000006e-01 9.986399999999999721e-01 8.157699999999999951e-01
1.199999999999999956e-01 9.996080000000000521e-01 8.941780000000000284e-01
1.300000000000000044e-01 9.999219999999999775e-01 9.426520000000000454e-01
1.400000000000000133e-01 9.999839999999999840e-01 9.685740000000000460e-01
1.499999999999999944e-01 9.999940000000000495e-01 9.832199999999999829e-01
