1.000000000000000021e-02 1.405600000000000000e-01 0.000000000000000000e+00
2.000000000000000042e-02 2.971600000000000000e-01 2.000000000000000000e-05
2.999999999999999889e-02 4.451200000000000000e-01 3.800000000000000000e-04
4.000000000000000083e-02 5.875400000000000000e-01 2.060000000000000000e-03
5.000000000000000278e-02 7.133200000000000000e-01 9.160000000000000000e-03
5.999999999999999778e-02 8.142000000000000000e-01 2.802000000000000000e-02
7.000000000000000666e-02 8.876800000000000000e-01 6.476000000000000000e-02
8.000000000000000167e-02 9.384800000000000000e-01 1.335800000000000000e-01
8.999999999999999667e-02 9.675400000000000000e-01 2.350200000000000000e-01
1.000000000000000056e-01 9.849600000000000000e-01 3.590000000000000000e-01
1.100000000000000006e-01 9.938600000000000000e-01 4.999200000000000000e-01
1.199999999999999956e-01 9.974400000000000000e-01 6.353600000000000000e-01
1.300000000000000044e-01 9.990800000000000000e-01 7.512200000000000000e-01
1.400000000000000133e-01 9.997000000000000000e-01 8.445200000000000000e-01
1.499999999999999944e-01 9.999200000000000000e-01 9.075600000000000000e-01
