1.000000000000000021e-02 3.482000000000000000e-02 0.000000000000000000e+00
2.000000000000000042e-02 1.363000000000000000e-01 2.600000000000000000e-04
2.999999999999999889e-02 2.845000000000000000e-01 3.200000000000000000e-03
4.000000000000000083e-02 4.736200000000000000e-01 1.836000000000000000e-02
5.000000000000000278e-02 6.495400000000000000e-01 6.350000000000000000e-02
5.999999999999999778e-02 7.976000000000000000e-01 1.581400000000000000e-01
7.000000000000000666e-02 8.968000000000000000e-01 3.000400000000000000e-01
8.000000000000000167e-02 9.542400000000000000e-01 4.698800000000000000e-01
8.999999999999999667e-02 9.821400000000000000e-01 6.369400000000000000e-01
1.000000000000000056e-01 9.943600000000000000e-01 7.717600000000000000e-01
1.100000000000000006e-01 9.983800000000000000e-01 8.707200000000000000e-01
1.199999999999999956e-01 9.994600000000000000e-01 9.307600000000000000e-01
1.300000000000000044e-01 9.999200000000000000e-01 9.630800000000000000e-01
1.400000000000000133e-01 9.999800000000000000e-01 9.815600000000000000e-01
1.499999999999999944e-01 9.999800000000000000e-01 9.895200000000000000e-01
