1.000000000000000021e-02 0.000000000000000000e+00 0.000000000000000000e+00
2.000000000000000042e-02 8.000000000000000654e-05 8.000000000000000654e-05
2.999999999999999889e-02 4.300000000000000003e-03 3.520000000000000125e-03
4.000000000000000083e-02 3.873999999999999666e-02 3.293999999999999706e-02
5.000000000000000278e-02 1.591799999999999882e-01 1.406799999999999995e-01
5.999999999999999778e-02 3.756200000000000094e-01 3.460799999999999987e-01
7.000000000000000666e-02 6.175800000000000178e-01 5.848799999999999555e-01
8.000000000000000167e-02 8.033400000000000540e-01 7.780200000000000449e-01
8.999999999999999667e-02 9.164999999999999813e-01 9.014999999999999680e-01
1.000000000000000056e-01 9.698400000000000354e-01 9.622800000000000242e-01
1.100000000000000006e-01 9.907599999999999740e-01 9.881199999999999983e-01
1.199999999999999956e-01 9.973999999999999533e-01 9.965800000000000214e-01
1.300000000000000044e-01 9.993400000000000061e-01 9.989799999999999791e-01
1.400000000000000133e-01 9.999400000000000510e-01 9.998000000000000220e-01
1.499999999999999944e-01 9.999799999999999800e-01 9.999599999999999600e-01
