1.000000000000000021e-02 2.000000000000000164e-05 0.000000000000000000e+00
2.000000000000000042e-02 1.800000000000000113e-04 0.000000000000000000e+00
2.999999999999999889e-02 1.160000000000000007e-03 0.000000000000000000e+00
4.000000000000000083e-02 2.939999999999999905e-03 0.000000000000000000e+00
5.000000000000000278e-02 5.980000000000000072e-03 0.000000000000000000e+00
5.999999999999999778e-02 1.069999999999999944e-02 4.000000000000000327e-05
7.000000000000000666e-02 1.822000000000000008e-02 2.000000000000000164e-05
8.000000000000000167e-02 2.680000000000000090e-02 6.000000000000000152e-05
8.999999999999999667e-02 4.229999999999999732e-02 1.000000000000000048e-04
1.000000000000000056e-01 5.929999999999999855e-02 1.600000000000000131e-04
1.100000000000000006e-01 8.197999999999999732e-02 2.599999999999999772e-04
1.199999999999999956e-01 1.082000000000000045e-01 3.800000000000000209e-04
1.300000000000000044e-01 1.417799999999999894e-01 5.999999999999999474e-04
