1.000000000000000021e-02 6.000000000000000152e-05 0.000000000000000000e+00
2.000000000000000042e-02 5.800000000000000034e-04 0.000000000000000000e+00
2.999999999999999889e-02 2.040000000000000147e-03 0.000000000000000000e+00
4.000000000000000083e-02 4.799999999999999580e-03 2.000000000000000164e-05
5.000000000000000278e-02 1.114000000000000060e-02 0.000000000000000000e+00
5.999999999999999778e-02 2.118000000000000091e-02 4.000000000000000327e-05
7.000000000000000666e-02 3.432000000000000328e-02 4.000000000000000327e-05
8.000000000000000167e-02 5.585999999999999993e-02 2.200000000000000078e-04
8.999999999999999667e-02 8.580000000000000127e-02 4.800000000000000122e-04
1.000000000000000056e-01 1.200399999999999939e-01 9.600000000000000243e-04
1.100000000000000006e-01 1.632399999999999962e-01 1.580000000000000024e-03
1.199999999999999956e-01 2.176599999999999924e-01 3.160000000000000048e-03
1.300000000000000044e-01 2.748399999999999732e-01 4.720000000000000237e-03
