1.000000000000000021e-02 8.000000000000000654e-05 0.000000000000000000e+00
2.000000000000000042e-02 6.999999999999999929e-04 0.000000000000000000e+00
2.999999999999999889e-02 2.020000000000000094e-03 0.000000000000000000e+00
4.000000000000000083e-02 5.360000000000000181e-03 0.000000000000000000e+00
5.000000000000000278e-02 1.149999999999999981e-02 4.000000000000000327e-05
5.999999999999999778e-02 2.118000000000000091e-02 6.000000000000000152e-05
7.000000000000000666e-02 3.524000000000000049e-02 1.000000000000000048e-04
8.000000000000000167e-02 5.655999999999999917e-02 3.400000000000000244e-04
8.999999999999999667e-02 8.340000000000000191e-02 5.000000000000000104e-04
1.000000000000000056e-01 1.173199999999999937e-01 7.799999999999999859e-04
1.100000000000000006e-01 1.649400000000000033e-01 1.820000000000000003e-03
1.199999999999999956e-01 2.139199999999999990e-01 3.000000000000000062e-03
1.300000000000000044e-01 2.782399999999999873e-01 4.879999999999999789e-03
