1.000000000000000021e-02 3.399999999999999973e-05 3.199999999999999855e-05
2.000000000000000042e-02 8.120000000000000048e-04 6.999999999999999929e-04
2.999999999999999889e-02 6.850000000000000186e-03 5.870000000000000218e-03
4.000000000000000083e-02 2.937400000000000080e-02 2.571999999999999981e-02
5.000000000000000278e-02 8.236599999999999477e-02 7.319799999999999918e-02
5.999999999999999778e-02 1.715839999999999865e-01 1.556700000000000028e-01
7.000000000000000666e-02 2.934160000000000101e-01 2.705179999999999807e-01
8.000000000000000167e-02 4.327960000000000140e-01 4.057520000000000016e-01
8.999999999999999667e-02 5.711319999999999730e-01 5.430559999999999832e-01
1.000000000000000056e-01 6.944540000000000157e-01 6.682019999999999627e-01
1.100000000000000006e-01 7.944039999999999990e-01 7.721719999999999695e-01
1.199999999999999956e-01 8.692940000000000111e-01 8.521039999999999726e-01
1.300000000000000044e-01 9.208180000000000254e-01 9.087039999999999562e-01
