1.000000000000000021e-02 0.000000000000000000e+00 0.000000000000000000e+00
2.000000000000000042e-02 2.000000000000000164e-05 0.000000000000000000e+00
2.999999999999999889e-02 3.699999999999999947e-04 0.000000000000000000e+00
4.000000000000000083e-02 1.969999999999999963e-03 0.000000000000000000e+00
5.000000000000000278e-02 8.120000000000000481e-03 0.000000000000000000e+00
5.999999999999999778e-02 2.691400000000000042e-02 1.200000000000000030e-05
7.000000000000000666e-02 7.549200000000000355e-02 3.800000000000000209e-04
8.000000000000000167e-02 1.829280000000000073e-01 4.202000000000000006e-03
8.999999999999999667e-02 3.727559999999999762e-01 2.869000000000000022e-02
1.000000000000000056e-01 6.124060000000000059e-01 1.173300000000000037e-01
1.100000000000000006e-01 8.214019999999999655e-01 3.153639999999999777e-01
1.199999999999999956e-01 9.414879999999999916e-01 5.824080000000000368e-01
1.300000000000000044e-01 9.864939999999999820e-01 8.100260000000000238e-01
