1.000000000000000021e-02 3.439980000000000121e-02 5.000000000000000409e-06
2.000000000000000042e-02 1.348032000000000119e-01 2.728000000000000173e-04
2.999999999999999889e-02 2.884854000000000029e-01 3.160399999999999841e-03
4.000000000000000083e-02 4.713267999999999902e-01 1.809819999999999832e-02
5.000000000000000278e-02 6.503719999999999501e-01 6.343440000000000190e-02
5.999999999999999778e-02 7.968781999999999810e-01 1.577719999999999956e-01
7.000000000000000666e-02 8.968899999999999650e-01 3.007311999999999763e-01
8.000000000000000167e-02 9.541910000000000114e-01 4.719064000000000036e-01
8.999999999999999667e-02 9.821651999999999605e-01 6.376540000000000541e-01
1.000000000000000056e-01 9.938755999999999702e-01 7.732019999999999449e-01
1.100000000000000006e-01 9.981157999999999975e-01 8.688171999999999562e-01
1.199999999999999956e-01 9.994722000000000328e-01 9.287855999999999890e-01
1.300000000000000044e-01 9.998751999999999640e-01 9.627196000000000087e-01
