1.000000000000000021e-02 1.416825999999999919e-01 5.999999999999999728e-07
2.000000000000000042e-02 2.940202000000000093e-01 3.320000000000000062e-05
2.999999999999999889e-02 4.460212000000000065e-01 3.497999999999999916e-04
4.000000000000000083e-02 5.886137999999999648e-01 2.210999999999999858e-03
5.000000000000000278e-02 7.126633999999999469e-01 8.845199999999999244e-03
5.999999999999999778e-02 8.132730000000000237e-01 2.706920000000000159e-02
7.000000000000000666e-02 8.869759999999999867e-01 6.596860000000000224e-02
8.000000000000000167e-02 9.373593999999999538e-01 1.340873999999999955e-01
8.999999999999999667e-02 9.680579999999999741e-01 2.349282000000000037e-01
1.000000000000000056e-01 9.848964000000000052e-01 3.620445999999999942e-01
1.100000000000000006e-01 9.935351999999999517e-01 5.010379999999999834e-01
1.199999999999999956e-01 9.974359999999999893e-01 6.358355999999999453e-01
1.300000000000000044e-01 9.990672000000000441e-01 7.518409999999999815e-01
