1.000000000000000021e-02 1.896065999999999863e-01 1.799999999999999919e-06
2.000000000000000042e-02 3.629916000000000254e-01 9.500000000000000523e-05
2.999999999999999889e-02 5.216615999999999476e-01 1.446599999999999926e-03
4.000000000000000083e-02 6.647248000000000046e-01 9.457399999999999488e-03
5.000000000000000278e-02 7.844470000000000054e-01 3.853879999999999806e-02
5.999999999999999778e-02 8.756140000000000034e-01 1.069886000000000031e-01
7.000000000000000666e-02 9.362709999999999644e-01 2.254599999999999937e-01
8.000000000000000167e-02 9.710676000000000307e-01 3.822851999999999917e-01
8.999999999999999667e-02 9.882807999999999593e-01 5.502728000000000064e-01
1.000000000000000056e-01 9.957979999999999610e-01 7.000241999999999853e-01
1.100000000000000006e-01 9.986458000000000279e-01 8.158501999999999699e-01
1.199999999999999956e-01 9.996040000000000481e-01 8.940434000000000436e-01
1.300000000000000044e-01 9.998989999999999823e-01 9.420458000000000442e-01
