1.000000000000000021e-02 0.000000000000000000e+00 0.000000000000000000e+00
2.000000000000000042e-02 2.000000000000000164e-05 0.000000000000000000e+00
2.999999999999999889e-02 5.800000000000000034e-04 0.000000000000000000e+00
4.000000000000000083e-02 1.820000000000000003e-03 0.000000000000000000e+00
5.000000000000000278e-02 8.340000000000000191e-03 0.000000000000000000e+00
5.999999999999999778e-02 2.698000000000000051e-02 0.000000000000000000e+00
7.000000000000000666e-02 7.485999999999999599e-02 2.999999999999999737e-04
8.000000000000000167e-02 1.786999999999999977e-01 4.040000000000000188e-03
8.999999999999999667e-02 3.717199999999999949e-01 2.835999999999999979e-02
1.000000000000000056e-01 6.129599999999999493e-01 1.195599999999999996e-01
1.100000000000000006e-01 8.229199999999999848e-01 3.158400000000000096e-01
1.199999999999999956e-01 9.398199999999999887e-01 5.814799999999999969e-01
1.300000000000000044e-01 9.868799999999999795e-01 8.098199999999999843e-01
1.400000000000000133e-01 9.976800000000000113e-01 9.381399999999999739e-01
1.499999999999999944e-01 9.997599999999999820e-01 9.856399999999999606e-01
