1.000000000000000021e-02 0.000000000000000000e+00 0.000000000000000000e+00
2.000000000000000042e-02 1.200000000000000030e-04 0.000000000000000000e+00
2.999999999999999889e-02 2.099999999999999870e-03 0.000000000000000000e+00
4.000000000000000083e-02 1.446000000000000063e-02 0.000000000000000000e+00
5.000000000000000278e-02 6.569999999999999452e-02 8.599999999999999789e-04
5.999999999999999778e-02 2.208600000000000008e-01 1.439999999999999961e-02
7.000000000000000666e-02 5.179599999999999760e-01 1.149600000000000066e-01
8.000000000000000167e-02 8.100199999999999623e-01 3.881399999999999850e-01
8.999999999999999667e-02 9.572599999999999998e-01 7.220400000000000151e-01
1.000000000000000056e-01 9.939400000000000457e-01 9.195600000000000440e-01
1.100000000000000006e-01 9.996000000000000441e-01 9.860999999999999766e-01
1.199999999999999956e-01 1.000000000000000000e+00 9.983199999999999852e-01
1.300000000000000044e-01 1.000000000000000000e+00 9.999200000000000310e-01
1.400000000000000133e-01 1.000000000000000000e+00 1.000000000000000000e+00
1.499999999999999944e-01 1.000000000000000000e+00 1.000000000000000000e+00
