1.000000000000000021e-02 0.000000000000000000e+00 0.000000000000000000e+00
2.000000000000000042e-02 1.000000000000000048e-04 0.000000000000000000e+00
2.999999999999999889e-02 2.079999999999999818e-03 0.000000000000000000e+00
4.000000000000000083e-02 1.401999999999999948e-02 2.000000000000000164e-05
5.000000000000000278e-02 6.386000000000000010e-02 6.999999999999999929e-04
5.999999999999999778e-02 2.195799999999999974e-01 1.460000000000000013e-02
7.000000000000000666e-02 5.147800000000000153e-01 1.117599999999999982e-01
8.000000000000000167e-02 8.164799999999999836e-01 3.951000000000000068e-01
8.999999999999999667e-02 9.569600000000000328e-01 7.234599999999999920e-01
1.000000000000000056e-01 9.940999999999999837e-01 9.216600000000000348e-01
1.100000000000000006e-01 9.995800000000000241e-01 9.850400000000000267e-01
1.199999999999999956e-01 9.999400000000000510e-01 9.984199999999999742e-01
1.300000000000000044e-01 9.999799999999999800e-01 9.999000000000000110e-01
1.400000000000000133e-01 1.000000000000000000e+00 1.000000000000000000e+00
1.499999999999999944e-01 1.000000000000000000e+00 1.000000000000000000e+00
