1.000000000000000021e-02 5.992000000000000104e-02 0.000000000000000000e+00
2.000000000000000042e-02 2.260800000000000032e-01 0.000000000000000000e+00
2.999999999999999889e-02 4.401200000000000112e-01 3.400000000000000244e-04
4.000000000000000083e-02 6.436199999999999699e-01 1.879999999999999944e-03
5.000000000000000278e-02 7.942799999999999860e-01 6.340000000000000149e-03
5.999999999999999778e-02 8.903200000000000003e-01 1.830000000000000029e-02
7.000000000000000666e-02 9.489400000000000057e-01 3.502000000000000252e-02
8.000000000000000167e-02 9.780400000000000205e-01 6.876000000000000167e-02
8.999999999999999667e-02 9.900999999999999801e-01 1.053599999999999953e-01
1.000000000000000056e-01 9.960999999999999854e-01 1.553599999999999981e-01
1.100000000000000006e-01 9.986800000000000122e-01 2.063599999999999879e-01
1.199999999999999956e-01 9.995800000000000241e-01 2.624000000000000221e-01
1.300000000000000044e-01 9.998799999999999910e-01 3.092199999999999949e-01
1.400000000000000133e-01 9.999200000000000310e-01 3.575200000000000045e-01
1.499999999999999944e-01 9.999799999999999800e-01 3.933400000000000230e-01
