1.000000000000000021e-02 5.899999999999999689e-02 0.000000000000000000e+00
2.000000000000000042e-02 2.280399999999999927e-01 2.000000000000000164e-05
2.999999999999999889e-02 4.395800000000000263e-01 3.400000000000000244e-04
4.000000000000000083e-02 6.430200000000000360e-01 1.879999999999999944e-03
5.000000000000000278e-02 7.958399999999999919e-01 7.340000000000000170e-03
5.999999999999999778e-02 8.931799999999999740e-01 1.776000000000000148e-02
7.000000000000000666e-02 9.476200000000000179e-01 3.821999999999999703e-02
8.000000000000000167e-02 9.766599999999999726e-01 7.018000000000000627e-02
8.999999999999999667e-02 9.898799999999999821e-01 1.079600000000000004e-01
1.000000000000000056e-01 9.966599999999999904e-01 1.556800000000000128e-01
1.100000000000000006e-01 9.984399999999999942e-01 2.083200000000000052e-01
1.199999999999999956e-01 9.994600000000000151e-01 2.598199999999999954e-01
1.300000000000000044e-01 9.996800000000000130e-01 3.089999999999999969e-01
1.400000000000000133e-01 9.999799999999999800e-01 3.553999999999999937e-01
1.499999999999999944e-01 9.999799999999999800e-01 3.956200000000000272e-01
