1.000000000000000021e-02 4.959999999999999826e-02 0.000000000000000000e+00
2.000000000000000042e-02 1.864599999999999869e-01 0.000000000000000000e+00
2.999999999999999889e-02 3.729799999999999782e-01 2.000000000000000164e-05
4.000000000000000083e-02 5.559399999999999897e-01 3.600000000000000227e-04
5.000000000000000278e-02 7.169200000000000017e-01 1.240000000000000000e-03
5.999999999999999778e-02 8.362199999999999633e-01 3.919999999999999873e-03
7.000000000000000666e-02 9.121399999999999508e-01 9.679999999999999369e-03
8.000000000000000167e-02 9.572000000000000508e-01 1.909999999999999892e-02
8.999999999999999667e-02 9.782600000000000184e-01 3.497999999999999721e-02
1.000000000000000056e-01 9.909000000000000030e-01 5.911999999999999894e-02
1.100000000000000006e-01 9.961400000000000254e-01 8.934000000000000274e-02
1.199999999999999956e-01 9.988000000000000211e-01 1.287200000000000011e-01
1.300000000000000044e-01 9.994800000000000351e-01 1.771800000000000042e-01
1.400000000000000133e-01 9.997800000000000020e-01 2.270399999999999918e-01
1.499999999999999944e-01 9.999000000000000110e-01 2.818200000000000149e-01
