1.000000000000000021e-02 3.300000000000000253e-05 0.000000000000000000e+00
2.000000000000000042e-02 2.873999999999999927e-04 0.000000000000000000e+00
2.999999999999999889e-02 1.066000000000000107e-03 1.999999999999999909e-07
4.000000000000000083e-02 2.710800000000000189e-03 5.999999999999999728e-07
5.000000000000000278e-02 5.686799999999999668e-03 2.799999999999999873e-06
5.999999999999999778e-02 1.042219999999999952e-02 5.599999999999999747e-06
7.000000000000000666e-02 1.759459999999999844e-02 9.399999999999999786e-06
8.000000000000000167e-02 2.769280000000000005e-02 2.799999999999999958e-05
8.999999999999999667e-02 4.123000000000000276e-02 6.580000000000000020e-05
1.000000000000000056e-01 5.907359999999999695e-02 1.381999999999999982e-04
1.100000000000000006e-01 8.142059999999999576e-02 2.388000000000000040e-04
1.199999999999999956e-01 1.088985999999999982e-01 4.382000000000000261e-04
1.300000000000000044e-01 1.413137999999999894e-01 7.150000000000000322e-04
