1.000000000000000021e-02 0.000000000000000000e+00 0.000000000000000000e+00
2.000000000000000042e-02 7.200000000000000453e-04 5.999999999999999474e-04
2.999999999999999889e-02 6.640000000000000069e-03 5.599999999999999943e-03
4.000000000000000083e-02 3.007999999999999910e-02 2.646000000000000088e-02
5.000000000000000278e-02 8.355999999999999539e-02 7.403999999999999471e-02
5.999999999999999778e-02 1.705599999999999894e-01 1.541399999999999992e-01
7.000000000000000666e-02 2.908000000000000029e-01 2.687800000000000189e-01
8.000000000000000167e-02 4.341599999999999904e-01 4.056799999999999851e-01
8.999999999999999667e-02 5.699999999999999512e-01 5.428800000000000292e-01
1.000000000000000056e-01 6.980199999999999738e-01 6.717999999999999527e-01
1.100000000000000006e-01 7.956800000000000539e-01 7.742200000000000193e-01
1.199999999999999956e-01 8.686000000000000387e-01 8.514599999999999946e-01
1.300000000000000044e-01 9.206999999999999629e-01 9.079599999999999893e-01
1.400000000000000133e-01 9.543399999999999661e-01 9.459199999999999831e-01
1.499999999999999944e-01 9.758200000000000207e-01 9.707599999999999563e-01
