1.000000000000000021e-02 2.200000000000000078e-04 2.200000000000000078e-04
2.000000000000000042e-02 3.640000000000000006e-03 3.180000000000000101e-03
2.999999999999999889e-02 2.680000000000000090e-02 2.316000000000000003e-02
4.000000000000000083e-02 1.010800000000000032e-01 9.053999999999999548e-02
5.000000000000000278e-02 2.305800000000000072e-01 2.109000000000000041e-01
5.999999999999999778e-02 3.986199999999999743e-01 3.725399999999999823e-01
7.000000000000000666e-02 5.692800000000000082e-01 5.411599999999999744e-01
8.000000000000000167e-02 7.182800000000000296e-01 6.923200000000000465e-01
8.999999999999999667e-02 8.269600000000000284e-01 8.067800000000000527e-01
1.000000000000000056e-01 9.032599999999999518e-01 8.894199999999999884e-01
1.100000000000000006e-01 9.497400000000000286e-01 9.405000000000000027e-01
1.199999999999999956e-01 9.741999999999999549e-01 9.694000000000000394e-01
1.300000000000000044e-01 9.881199999999999983e-01 9.853399999999999936e-01
1.400000000000000133e-01 9.938399999999999457e-01 9.923600000000000199e-01
1.499999999999999944e-01 9.981799999999999562e-01 9.973999999999999533e-01
