1.000000000000000021e-02 1.000000000000000048e-04 1.000000000000000048e-04
2.000000000000000042e-02 3.399999999999999811e-03 2.759999999999999867e-03
2.999999999999999889e-02 2.775999999999999995e-02 2.427999999999999950e-02
4.000000000000000083e-02 1.012399999999999967e-01 9.052000000000000324e-02
5.000000000000000278e-02 2.320399999999999963e-01 2.130799999999999916e-01
5.999999999999999778e-02 3.978200000000000069e-01 3.719199999999999728e-01
7.000000000000000666e-02 5.705799999999999761e-01 5.426800000000000512e-01
8.000000000000000167e-02 7.234000000000000430e-01 6.987999999999999767e-01
8.999999999999999667e-02 8.303199999999999470e-01 8.101800000000000113e-01
1.000000000000000056e-01 9.053799999999999626e-01 8.915199999999999791e-01
1.100000000000000006e-01 9.502399999999999736e-01 9.409999999999999476e-01
1.199999999999999956e-01 9.742600000000000149e-01 9.690800000000000525e-01
1.300000000000000044e-01 9.887000000000000233e-01 9.856399999999999606e-01
1.400000000000000133e-01 9.946199999999999486e-01 9.929200000000000248e-01
1.499999999999999944e-01 9.975600000000000023e-01 9.968399999999999483e-01
