1.000000000000000021e-02 0.000000000000000000e+00 0.000000000000000000e+00
2.000000000000000042e-02 8.000000000000000654e-05 6.000000000000000152e-05
2.999999999999999889e-02 4.159999999999999636e-03 3.439999999999999915e-03
4.000000000000000083e-02 4.082000000000000212e-02 3.470000000000000168e-02
5.000000000000000278e-02 1.580400000000000138e-01 1.397599999999999953e-01
5.999999999999999778e-02 3.733600000000000252e-01 3.443200000000000149e-01
7.000000000000000666e-02 6.158599999999999630e-01 5.836799999999999766e-01
8.000000000000000167e-02 8.027999999999999581e-01 7.779000000000000359e-01
8.999999999999999667e-02 9.166999999999999593e-01 9.018399999999999750e-01
1.000000000000000056e-01 9.701600000000000223e-01 9.632199999999999651e-01
1.100000000000000006e-01 9.904399999999999871e-01 9.875800000000000134e-01
1.199999999999999956e-01 9.975399999999999823e-01 9.966199999999999504e-01
1.300000000000000044e-01 9.992199999999999971e-01 9.989999999999999991e-01
1.400000000000000133e-01 9.998000000000000220e-01 9.997000000000000330e-01
1.499999999999999944e-01 9.999799999999999800e-01 9.999799999999999800e-01
