1.000000000000000021e-02 0.000000000000000000e+00 0.000000000000000000e+00
2.000000000000000042e-02 0.000000000000000000e+00 0.000000000000000000e+00
2.999999999999999889e-02 2.200000000000000078e-04 1.600000000000000131e-04
4.000000000000000083e-02 2.799999999999999972e-03 2.279999999999999909e-03
5.000000000000000278e-02 1.990000000000000102e-02 1.660000000000000017e-02
5.999999999999999778e-02 7.402000000000000246e-02 6.347999999999999476e-02
7.000000000000000666e-02 1.822000000000000008e-01 1.613999999999999879e-01
8.000000000000000167e-02 3.506799999999999917e-01 3.208400000000000141e-01
8.999999999999999667e-02 5.447999999999999510e-01 5.093600000000000350e-01
1.000000000000000056e-01 7.171399999999999997e-01 6.863000000000000211e-01
1.100000000000000006e-01 8.448999999999999844e-01 8.227200000000000069e-01
1.199999999999999956e-01 9.262200000000000433e-01 9.117800000000000349e-01
1.300000000000000044e-01 9.693399999999999794e-01 9.623000000000000442e-01
1.400000000000000133e-01 9.874000000000000554e-01 9.841199999999999948e-01
1.499999999999999944e-01 9.957000000000000295e-01 9.941600000000000437e-01
